May 16, 2022

total: 20569

weeks	count

1		611
2		1056
3		1092
4		1174
5		1269
6		1411
7		1443
8		1417
9		1246
10		1110
11		1068
12		956
13		945
14		847
15		719
16		643
17		545
18		454
19		483
20		765
21		294
22		208
23		173
24		128
25		117
26		73
27		73
28		40
29		43
30		22
31		21
32		16
33		12
34		12
35		10
36		7
37		7
38		6
39		9
40		5
41		7
42		6
43		5
44		5
45		2
46		1
47		1
48		1
49		2
52		1
53		1
55		3
57		1
60		1
64		1
67		1


May 25, 2022

total: 20563

weeks	count

1		610
2		1058
3		1090
4		1178
5		1270
6		1409
7		1444
8		1418
9		1244
10		1111
11		1071
12		957
13		944
14		841
15		721
16		643
17		542
18		452
19		487
20		765
21		288
22		211
23		172
24		126
25		116
26		73
27		73
28		41
29		42
30		22
31		21
32		16
33		12
34		12
35		10
36		7
37		7
38		6
39		9
40		6
41		6
42		7
43		4
44		5
45		2
46		1
47		1
48		1
49		2
52		1
53		1
55		3
57		1
60		1
64		1
67		1

Average weeks on chart: 10.333025336769927


June 06, 2022

total: 20556

weeks	count

1		613
2		1063
3		1090
4		1186
5		1270
6		1412
7		1444
8		1419
9		1247
10		1108
11		1066
12		966
13		940
14		843
15		718
16		637
17		545
18		444
19		501
20		755
21		284
22		202
23		175
24		124
25		116
26		68
27		73
28		43
29		41
30		21
31		20
32		19
33		9
34		13
35		9
36		7
37		7
38		6
39		9
40		5
41		6
42		7
43		4
44		5
45		2
46		1
47		1
48		1
49		2
52		1
53		1
54		1
55		2
57		1
60		1
64		1
67		1

Average weeks on chart: 10.310225724849193


July 28, 2022

total: 20539

weeks	count

1		616
2		1063
3		1096
4		1182
5		1275
6		1416
7		1452
8		1414
9		1245
10		1107
11		1059
12		978
13		937
14		836
15		724
16		624
17		544
18		449
19		503
20		740
21		283
22		207
23		175
24		112
25		120
26		64
27		73
28		42
29		41
30		21
31		19
32		19
33		10
34		12
35		11
36		6
37		6
38		7
39		9
40		4
41		8
42		5
43		4
44		5
45		2
46		1
47		2
48		1
49		1
52		1
53		1
54		1
55		2
57		1
59		1
64		1
67		1

Average weeks on chart: 10.289157213106773


October 14, 2022

total: 20502

weeks	count

1		617
2		1070
3		1100
4		1190
5		1282
6		1433
7		1464
8		1400
9		1237
10		1106
11		1075
12		977
13		931
14		819
15		724
16		612
17		538
18		464
19		522
20		684
21		283
22		202
23		170
24		116
25		114
26		62
27		69
28		42
29		39
30		20
31		20
32		17
33		12
34		12
35		12
36		5
37		4
38		8
39		8
40		5
41		8
42		5
43		4
44		4
45		2
46		2
47		1
48		1
49		1
52		2
53		1
55		2
57		1
59		1
64		1
67		1

Average weeks on chart: 10.23817188566969


December 09, 2022

total: 20475

weeks	count

1		627
2		1073
3		1116
4		1184
5		1305
6		1436
7		1481
8		1381
9		1237
10		1092
11		1077
12		989
13		943
14		798
15		718
16		605
17		529
18		487
19		517
20		655
21		271
22		201
23		166
24		118
25		105
26		62
27		68
28		38
29		37
30		21
31		19
32		18
33		12
34		13
35		9
36		6
37		7
38		5
39		8
40		5
41		8
42		4
43		4
44		4
45		2
46		2
47		1
48		1
49		1
51		1
52		1
53		1
55		2
57		1
59		1
64		1
66		1

Average weeks on chart: 10.184322344322345


January 30, 2023

total: 20458

weeks	count

1		632
2		1078
3		1118
4		1196
5		1323
6		1437
7		1482
8		1390
9		1235
10		1082
11		1081
12		994
13		933
14		797
15		720
16		583
17		528
18		511
19		514
20		638
21		261
22		188
23		161
24		122
25		98
26		64
27		62
28		38
29		33
30		23
31		19
32		19
33		9
34		14
35		9
36		8
37		5
38		4
39		10
40		4
41		9
42		3
43		3
44		5
45		1
46		2
47		2
48		1
50		1
52		1
53		2
54		1
57		1
59		1
63		1
66		1

Average weeks on chart: 10.136034803011047


April 07, 2023

total: 20419

weeks	count

1		636
2		1086
3		1122
4		1213
5		1320
6		1463
7		1481
8		1380
9		1229
10		1092
11		1079
12		997
13		920
14		792
15		708
16		580
17		520
18		509
19		535
20		600
21		250
22		189
23		158
24		117
25		94
26		68
27		59
28		40
29		27
30		22
31		21
32		17
33		8
34		13
35		11
36		6
37		4
38		4
39		11
40		4
41		9
42		2
43		5
44		3
45		1
46		2
47		2
48		1
50		1
52		2
53		1
54		1
57		1
59		1
63		1
66		1

Average weeks on chart: 10.080807091434448


May 29, 2023

total: 20399

weeks	count

1		638
2		1097
3		1131
4		1219
5		1345
6		1472
7		1465
8		1373
9		1254
10		1072
11		1074
12		1007
13		922
14		789
15		687
16		583
17		526
18		510
19		546
20		562
21		236
22		193
23		149
24		119
25		88
26		69
27		53
28		41
29		26
30		23
31		23
32		13
33		8
34		13
35		11
36		5
37		5
38		3
39		12
40		3
41		9
42		3
43		7
45		1
46		2
47		2
48		1
50		1
52		2
53		1
54		1
55		1
59		1
62		1
65		1

Average weeks on chart: 10.028334722290309


August 07, 2023

total: 20368

weeks	count

1		648
2		1103
3		1128
4		1222
5		1365
6		1482
7		1462
8		1367
9		1262
10		1080
11		1075
12		999
13		928
14		770
15		678
16		593
17		516
18		522
19		535
20		533
21		230
22		191
23		148
24		117
25		82
26		66
27		55
28		32
29		27
30		22
31		24
32		13
33		9
34		12
35		10
36		6
37		4
38		5
39		10
40		6
41		7
42		3
43		6
45		2
46		1
47		2
48		1
50		1
52		2
53		2
55		1
59		1
61		1
64		1

Average weeks on chart: 9.974469756480755


October 13, 2023

total: 20348

weeks	count

1		658
2		1107
3		1142
4		1216
5		1388
6		1474
7		1494
8		1345
9		1262
10		1089
11		1065
12		1009
13		931
14		743
15		686
16		592
17		512
18		512
19		539
20		515
21		224
22		182
23		146
24		115
25		80
26		70
27		48
28		31
29		26
30		23
31		22
32		9
33		11
34		11
35		10
36		5
37		5
38		6
39		9
40		6
41		6
42		3
43		6
45		2
46		1
47		2
48		1
50		1
51		1
52		2
53		1
54		1
59		1
61		1
64		1

Average weeks on chart: 9.920483585610379


November 29, 2023

total: 20330

weeks	count

1		664
2		1113
3		1153
4		1224
5		1413
6		1466
7		1481
8		1353
9		1255
10		1104
11		1064
12		1009
13		927
14		727
15		686
16		599
17		503
18		521
19		541
20		480
21		219
22		182
23		142
24		108
25		88
26		66
27		41
28		31
29		24
30		24
31		21
32		9
33		12
34		11
35		10
36		3
37		7
38		8
39		7
40		6
41		5
42		4
43		4
45		2
46		1
47		2
48		1
50		1
51		1
52		3
54		1
59		1
61		1
64		1

Average weeks on chart: 9.871323167732415


January 17, 2024

total: 20307

weeks	count

1		673
2		1120
3		1169
4		1218
5		1430
6		1469
7		1486
8		1355
9		1242
10		1118
11		1064
12		1001
13		935
14		715
15		679
16		599
17		510
18		518
19		524
20		470
21		208
22		175
23		146
24		102
25		85
26		59
27		42
28		30
29		25
30		21
31		20
32		9
33		14
34		9
35		10
36		2
37		7
38		9
39		6
40		6
41		6
42		3
43		3
44		1
45		1
46		2
47		2
50		1
51		1
52		3
54		1
58		1
61		1
64		1

Average weeks on chart: 9.814891416752843


March 05, 2024

total: 20285

weeks	count

1		684
2		1114
3		1173
4		1232
5		1454
6		1478
7		1477
8		1351
9		1262
10		1103
11		1060
12		1006
13		928
14		720
15		666
16		604
17		497
18		522
19		520
20		440
21		212
22		177
23		133
24		100
25		87
26		55
27		41
28		29
29		24
30		21
31		19
32		7
33		13
34		12
35		7
36		2
37		8
38		9
39		6
40		5
41		6
42		3
43		3
44		1
45		1
46		2
47		2
49		1
51		2
52		2
54		1
58		1
60		1
64		1

Average weeks on chart: 9.763273354695588
